
一、gts250

~~~~~~~~~~~~~~~~~~~~~~~~~~~~~~~~~~~~~~~~~~~~~~~~~~~~~~~~~~~~~
Debug	
	vs2005
块数
1024	768	512	384	256	192	128	96	64	32	16	2k	4k	8k	16k
0.1646	0.1571	0.1476	0.1469	0.1392	0.1345	0.1261	0.1271	0.1393	0.1234	0.1743	0.2083	0.3225	0.5009	0.8522
									峰值？
线程数
1024	768	512	384	256	192	128	96	64	32	
不支持	不支持	0.1244	0.1241	0.1233	0.1317	0.1755	0.2215	0.3242	0.6232	
				峰值？	

	vs2010
块数
1024	768	512	384	256	192	128	96	64	32	16	2k	4k	8k	16k
0.4302	0.3940	0.3685	0.3594	0.3524	0.3360	0.3302	0.3244	0.3548	0.3266	0.4465	0.545	0.767	1.182	2.040
									峰值？

线程数
1024	768	512	384	256	192	128	96	64	32
不支持	不支持	0.3277	0.3171	0.3245	0.3447	0.4463	0.5716	0.8207	1.602
			峰值？	

~~~~~~~~~~~~~~~~~~~~~~~~~~~~~~~~~~~~~~~~~~~~~~~~~~~~~~~~~~~~~~
Release	
	vs2005（同Debug）

	vs2010（同vs2005）
块数
1024	768	512	384	256	192	128	96	64	32	16	2k	4k	8k	16k
0.1638	0.1646	0.1492	0.1505	0.1430	0.1353	0.1303	0.1282	0.1387	0.1243	0.1728	0.2096	0.3205	0.5077	0.8484
									峰值？

线程数
1024	768	512	384	256	192	128	96	64	32
不支持	不支持	0.1269	0.1250	0.1236	0.1308	0.1738	0.2186	0.3233	0.6235	
				峰值？
~~~~~~~~~~~~~~~~~~~~~~~~~~~~~~~~~~~~~~~~~~~~~~~~~~~~~~~~~~~~~~

不同编译环境的计时结论：
vs2005，Debug与Release相同；
vs2010, Debug是Release的2.6倍；
vs2010的Release与vs2005相同。